      0/49      2.7G    0.0667   0.04467    0.0247    0.1361         3       448         0         0         0         0         0         0         0
      1/49      2.8G   0.08545   0.04499   0.03302    0.1635         3       448         0         0         0         0         0         0         0
      2/49      2.8G   0.08605   0.04354   0.03282    0.1624         3       448         0         0         0         0         0         0         0
      3/49      2.8G   0.07793    0.0404   0.03036    0.1487         4       448         0         0         0         0   0.08858   0.04296   0.03912
      4/49      2.8G   0.07729   0.03909   0.02928    0.1457         5       448         0         0         0         0   0.08555   0.04007   0.03907
      5/49      2.8G   0.08187   0.04018    0.0321    0.1541         8       448         0         0         0         0   0.08332   0.03768   0.03932
      6/49      2.8G   0.08511   0.03419   0.03355    0.1528         4       448         0         0         0         0   0.07991   0.03584   0.03916
      7/49      2.8G   0.07917   0.03295   0.03185     0.144         5       448         0         0         0         0   0.08206   0.03364   0.03906
      8/49      2.8G   0.08064   0.03383   0.03128    0.1457         6       448         0         0         0         0   0.08248   0.03099   0.03909
      9/49      2.8G    0.0799   0.03201     0.029    0.1409         5       448         0         0         0         0   0.08124   0.02874   0.03896
     10/49      2.8G   0.07606   0.03121   0.03232    0.1396         3       448         0         0         0         0   0.08176   0.02758    0.0391
     11/49      2.8G   0.07748   0.03083   0.03271     0.141         4       448         0         0         0         0     0.081    0.0265   0.03844
     12/49      2.8G   0.07017   0.02962   0.02759    0.1274         8       448         0         0         0         0   0.08148   0.02546    0.0383
     13/49      2.8G   0.06945   0.02891    0.0275    0.1259         4       448         0         0         0         0   0.07937   0.02433   0.03733
     14/49      2.8G   0.06658   0.02795   0.02576    0.1203         6       448         0         0         0         0   0.08089   0.02336   0.03959
     15/49      2.8G   0.06208    0.0252   0.02335    0.1106         5       448         0         0         0         0   0.08409   0.02133   0.03662
     16/49      2.8G    0.0602   0.02388   0.02403    0.1081         2       448         0         0         0         0   0.08049   0.02242   0.03705
     17/49      2.8G   0.07336   0.02413   0.02767    0.1252         5       448         0         0         0         0   0.07746   0.02164   0.03662
     18/49      2.8G   0.06602   0.02456   0.02656    0.1171         6       448         0         0         0         0   0.08092   0.02117   0.03685
     19/49      2.8G   0.06562   0.02468   0.02594    0.1162         6       448         0         0         0         0   0.08452   0.02044   0.03715
     20/49      2.8G   0.07722   0.02555   0.03098    0.1337         4       448         0         0         0         0   0.08031   0.02009   0.03582
     21/49      2.8G   0.07023   0.02551    0.0275    0.1232         4       448         0         0         0         0   0.07981   0.01993   0.03238
     22/49      2.8G   0.06263   0.02441   0.02541    0.1124         7       448         0         0         0         0   0.07891   0.01933   0.03245
     23/49      2.8G   0.07464   0.02475   0.03144    0.1308         4       448         0         0 0.0007947 0.0001589   0.07705   0.01967   0.03645
     24/49      2.8G   0.06429    0.0217   0.02577    0.1118         3       448         0         0 0.0008676  0.000347   0.07681   0.01919   0.03705
     25/49      2.8G   0.08033   0.02175     0.028    0.1301         3       448         0         0         0         0   0.07506   0.01882   0.03948
     26/49      2.8G   0.06255   0.02185   0.02497    0.1094         3       448         0         0         0         0   0.07349   0.01862   0.03476
     27/49      2.8G   0.05828   0.02117   0.02455     0.104         3       448         0         0         0         0   0.06792   0.01918   0.03496
     28/49      2.8G   0.08298   0.02486   0.03206    0.1399         5       448         0         0  0.001982 0.0004878   0.06473   0.01972   0.03555
     29/49      2.8G   0.07608   0.02622   0.02821    0.1305         7       448         0         0  0.002176 0.0003037   0.06553   0.01925   0.03671
     30/49      2.8G   0.05548   0.02565   0.02207    0.1032         5       448         0         0  0.001274 0.0001274   0.06603   0.01888    0.0379
     31/49      2.8G   0.06824    0.0256   0.02501    0.1189         5       448         0         0  0.001015 0.0001015   0.06683   0.01844   0.03827
     32/49      2.8G   0.07646   0.02543   0.02836    0.1302         7       448         0         0         0         0   0.06891   0.01761   0.03813
     33/49      2.8G    0.0557   0.01854    0.0216   0.09584         4       448         0         0         0         0   0.06987   0.01715   0.03764
     34/49      2.8G   0.05927   0.02242   0.02435     0.106         6       448         0         0         0         0   0.07185   0.01681   0.03666
     35/49      2.8G   0.05977   0.01982   0.02341     0.103         2       448         0         0         0         0   0.07377   0.01653   0.03626
     36/49      2.8G   0.06984   0.02238   0.02853    0.1207         3       448         0         0         0         0   0.07285   0.01662   0.03636
     37/49      2.8G   0.05511   0.01919   0.02535   0.09965         2       448         0         0         0         0    0.0711   0.01677   0.03564
     38/49      2.8G   0.06512   0.02324   0.02543    0.1138         5       448         0         0         0         0   0.06982   0.01648   0.03414
     39/49      2.8G   0.06278   0.02458   0.02403    0.1114         3       448         0         0  0.001076 0.0003227   0.07138   0.01589   0.03421
     40/49      2.8G   0.06243   0.02202   0.02634    0.1108         4       448         0         0         0         0   0.07261   0.01575   0.03396
     41/49      2.8G   0.05684   0.01845   0.02186   0.09714         3       448         0         0         0         0   0.06999    0.0159   0.03378
     42/49      2.8G    0.0705   0.01989   0.02416    0.1146         4       448         0         0         0         0   0.06881   0.01597   0.03369
     43/49      2.8G   0.05512   0.02017   0.02505    0.1003         5       448         0         0         0         0   0.06874   0.01611   0.03396
     44/49      2.8G   0.05079   0.01973    0.0182   0.08872         2       448         0         0         0         0    0.0683   0.01626   0.03468
     45/49      2.8G   0.05096    0.0227   0.02132   0.09498         7       448         0         0         0         0   0.06707   0.01624   0.03528
     46/49      2.8G   0.06788   0.02304    0.0252    0.1161         4       448         0         0         0         0   0.06649   0.01628   0.03843
     47/49      2.8G   0.05612   0.01979   0.02346   0.09936         3       448         0         0         0         0   0.06724   0.01643   0.03885
     48/49      2.8G   0.05748   0.02093   0.02062   0.09903         4       448         0         0         0         0   0.06745   0.01616   0.03867
     49/49      2.8G   0.06649   0.01809   0.02497    0.1096         3       448         0         0         0         0    0.0681   0.01606   0.03869
